-0.187062 -4.15408 13.724
-1.21849 -0.588597 7.924
-3.13876 0.800932 6.698
-1.61722 0.524364 7.133
-3.13611 0.50727 6.558
2.01023 -1.70911 11.034
-3.43893 0.215436 6.488
3.13583 -0.0831587 7.601
3.29085 -0.00993167 7.392
-0.448582 -0.368035 7.763
-2.61421 -1.07218 7.478
0.698959 -0.477069 7.601
2.97133 -0.128012 7.666
-0.445601 -0.359095 7.763
2.137 -1.66501 10.776
1.99838 -1.72009 10.969
-3.13604 0.544252 6.579
-1.22153 -0.603805 7.924
-3.18931 0.320698 6.353
3.30504 -0.00141872 7.392
0.160715 -4.08032 13.724
-0.187062 -4.11193 13.724
3.00875 -0.124547 7.634
0.684367 -0.47415 7.601
-1.64503 0.530687 7.219
2.96839 -0.125069 7.666
-1.2166 -0.619545 7.892
0.680304 -0.493792 7.634
2.57911 0.171538 7.219
2.1221 -1.6799 10.776
2.00849 -1.70998 10.969
2.95296 -0.0291174 7.51
-0.445601 -0.373399 7.763
-1.65786 0.532671 7.246
3.12228 -0.0123598 7.419
0.680305 -0.493792 7.634
-1.21277 -0.591395 7.924
2.938 -0.0124131 7.451
-0.233853 -4.25607 13.724
2.11672 -1.6719 10.84
2.01984 -1.7485 11.098
-0.141737 -4.0889 13.622
-1.56823 0.172278 7.994
-3.18561 0.309616 6.439
3.03549 -0.113997 7.634
-3.24843 0.347623 6.353
-1.68159 0.522782 7.332
-3.05859 -0.264466 8.957
2.08077 -1.70066 10.84
0.67524 -0.498856 7.634
0.175892 -4.11952 13.724
-1.19174 -0.61242 7.924
-1.63783 0.507037 7.246
-2.37371 -0.193359 7.569
-3.08044 -0.2729 9
-1.19805 -0.618727 7.924
0.669162 -0.523162 7.634
-2.96556 -0.360583 9.043
-0.432037 -0.383697 7.763
-1.65551 0.508927 7.273
0.737497 1.21231 5.815
0.645828 1.16063 5.891
0.661869 -0.508578 7.634
-1.17534 -0.618727 7.924
-1.98904 -1.26944 10.243
-0.396582 -0.340603 7.795
0.8086 1.16909 5.799
0.695345 1.17998 5.853
-1.18442 -0.636893 7.924
0.641579 -0.558656 7.601
-0.412754 -0.357002 7.763
-2.38094 -0.191913 7.569
0.720669 0.943846 6.439
-0.546927 -0.150999 8.172
-1.63136 0.513959 7.246
0.3834 -0.299818 7.666
